cpu  3128456 194203 1048921 58123456 98234 0 214567 0 0 0
cpu0 412356 24120 138452 7261543 12304 0 26820 0 0 0
cpu1 408231 23984 136120 7265890 12198 0 26543 0 0 0
cpu2 395412 24312 131205 7271034 12456 0 26987 0 0 0
cpu3 390128 24056 129834 7274102 12034 0 26432 0 0 0
cpu4 385642 24189 128451 7276234 12287 0 26765 0 0 0
cpu5 382109 23912 127234 7278456 11976 0 26321 0 0 0
cpu6 378534 24203 126187 7280123 12345 0 26874 0 0 0
cpu7 375144 23827 124438 7282561 12098 0 26215 0 0 0
intr 284512340 0 0 0 0 0 0 0 0 0 0 0 0 0 0 0 0 0 0 0 0 0 0 0 0 1 0 0 0 0 0 2 0 0 0 0 0 0 0 0 0 0 0 0 0 0 0 0 0 0 0 0 0 0 0 0 0 0 0 0 0 0 0 0 0 0 0 0 0 0 0 0 0 0 0 0 0 0 0 0 0 0 0 0 0 0 0 0 0 0 0 0 0 0 0 0 0 0 0 0 0 0 0 0 0 0 0 0 0 0 0 0 0 0 0 0 0 0 0 0 0 0 0 0 0 0 0 0 0 0 0 0 0 0 0 0 0 0 0 0 0 0 0 0 0 0 0 0 0 0 0 0 0 0 0 0 0 0 0 0 0 0 0 0 0 0 0 0 0 0 0 0 0 0 0 0 0 0 0 0 0 0 0 0 0 0 0 0 0 0 0 0 0 0 0 0 0 0 0 0 0 0 0 0 0 0 0 0 0 0 0 0 0 0 0 0 0 0 0 0 0 0 0 0 0 0 0 0 0 0 0 0 0 0 0 0 0 0 0 0 0 0 0 0 0 0 0 0 0 0 0 0 0 0 0 0 0 0 0 0 0 0 0 0 0 0 0 0 0 0 0 0 0 0 0 0 0 0 0 0 0 0 0 0 0 0 0 0 0 0 0 0 0 0 0 0 0 0 0 0 0 0 0 0 0 121458 84562 1 284512 48123 0 0 0 0 0 0
ctxt 512384567
btime 1716247200
processes 48213
procs_running 6
procs_blocked 0
softirq 98451230 0 41235678 123456 8945623 3210456 0 1234567 15678901 456789 9845123
